[gd_scene load_steps=7 format=3 uid="uid://ck7m2fuu4mk3q"]

[ext_resource type="Script" path="res://EffectScript3D.gd" id="1_dsdr7"]
[ext_resource type="PixelpartEffectResource" uid="uid://d3tfi7d6a4807" path="res://effects/SampleEffect3D.ppfx" id="2_v3gg8"]

[sub_resource type="Sky" id="Sky_asj0q"]

[sub_resource type="Environment" id="Environment_r6ga3"]
sky = SubResource("Sky_asj0q")
ambient_light_source = 2
ambient_light_color = Color(1, 1, 1, 1)
ambient_light_energy = 0.1

[sub_resource type="PixelpartParticleMaterial3D" id="PixelpartParticleMaterial3D_qatq4"]

[sub_resource type="PlaneMesh" id="PlaneMesh_dksc4"]

[node name="Main3D" type="Node3D"]
script = ExtResource("1_dsdr7")

[node name="Camera3D" type="Camera3D" parent="."]
transform = Transform3D(-4.37114e-08, 0.422618, -0.906308, 0, 0.906308, 0.422618, 1, 1.84732e-08, -3.9616e-08, -8.2051, 6.02165, 0.0940924)
environment = SubResource("Environment_r6ga3")

[node name="SampleEffect" type="PixelpartEffect" parent="."]
effect = ExtResource("2_v3gg8")
particle_materials = [SubResource("PixelpartParticleMaterial3D_qatq4")]
transform = Transform3D(0.999657, 0.0261944, 0, -0.0261944, 0.999657, 0, 0, 0, 1, 3.38006, 3.83994, 1.10168)

[node name="MeshInstance3D" type="MeshInstance3D" parent="."]
transform = Transform3D(10, 0, 0, 0, 10, 0, 0, 0, 10, 0, 0, 0)
mesh = SubResource("PlaneMesh_dksc4")

[node name="DirectionalLight3D" type="DirectionalLight3D" parent="."]
transform = Transform3D(0.0201485, 0.680057, 0.732883, -0.252318, -0.705845, 0.661905, 0.967435, -0.198256, 0.157369, 3.33832, 5.06781, -1.71668)
light_energy = 0.5

[node name="OmniLight3D" type="OmniLight3D" parent="."]
transform = Transform3D(0.999657, 0.0261943, -6.57927e-09, -0.0261265, 0.99707, 0.0718979, 0.00188332, -0.0718732, 0.997412, -3, 4, 1)
light_color = Color(0, 1, 0.341176, 1)
light_energy = 3.0
omni_range = 40.0
omni_attenuation = 0.554787
